57

-64.000000
25.600004
-25.600004
5.000000
2.000000
70.400002
25.600004
-25.600004
-5.500000
2.000000
70.399994
25.600004
25.599997
-5.500000
-2.000000

-64.000000
25.600004
-25.600004
5.000000
2.000000
70.399994
25.600004
25.599997
-5.500000
-2.000000
-64.000000
25.600004
25.599997
5.000000
-2.000000

-64.000000
-25.599997
25.599997
-2.500000
-1.000000
70.400002
-25.599997
25.599997
2.750000
-1.000000
70.399994
-25.599997
-25.600004
2.750000
1.000000

-64.000000
-25.599997
25.599997
-2.500000
-1.000000
70.399994
-25.599997
-25.600004
2.750000
1.000000
-64.000000
-25.599997
-25.600004
-2.500000
1.000000

-64.000000
25.600004
25.599997
2.500000
1.000000
70.400002
25.600004
25.599997
-2.750000
1.000000
70.399994
-25.599997
25.599997
-2.750000
-1.000000

-64.000000
25.600004
25.599997
2.500000
1.000000
70.399994
-25.599997
25.599997
-2.750000
-1.000000
-64.000000
-25.599997
25.599997
2.500000
-1.000000

70.399994
25.600004
-25.600004
2.786666
0.546667
-64.000000
25.600004
-25.600004
-2.533332
0.546667
-64.000000
-25.599997
-25.600004
-2.533332
-0.546667

70.399994
25.600004
-25.600004
2.786666
0.546667
-64.000000
-25.599997
-25.600004
-2.533332
-0.546667
70.400002
-25.599997
-25.600004
2.786666
-0.546667

-63.999981
-25.599997
-25.600000
-2.499999
1.000000
-121.599976
-25.599991
-25.600000
-4.749999
1.000000
-121.599976
-25.599991
25.600000
-4.749999
-1.000000

-63.999981
-25.599997
-25.600000
-2.499999
1.000000
-121.599976
-25.599991
25.600000
-4.749999
-1.000000
-63.999981
-25.599997
25.600000
-2.499999
-1.000000

-63.999981
-25.599997
25.600000
2.499999
-1.000000
-121.599976
-25.599991
25.600000
4.749999
-1.000000
-121.599968
25.599993
25.600000
4.749999
1.000000

-63.999981
-25.599997
25.600000
2.499999
-1.000000
-121.599968
25.599993
25.600000
4.749999
1.000000
-63.999977
25.600000
25.600000
2.499999
1.000000

-121.599976
-25.599991
25.600000
-1.000000
-1.000000
-121.599976
-25.599991
-25.600000
1.000000
-1.000000
-121.599968
25.599993
-25.600000
1.000000
1.000000

-121.599976
-25.599991
25.600000
-1.000000
-1.000000
-121.599968
25.599993
-25.600000
1.000000
1.000000
-121.599968
25.599993
25.600000
-1.000000
1.000000

-63.999977
25.600000
25.600000
4.999998
-2.000000
-121.599968
25.599993
25.600000
9.499997
-2.000000
-121.599968
25.599993
-25.600000
9.499997
2.000000

-63.999977
25.600000
25.600000
4.999998
-2.000000
-121.599968
25.599993
-25.600000
9.499997
2.000000
-63.999977
25.600000
-25.600000
4.999998
2.000000

-70.399986
-25.600000
-25.600000
-2.750000
-1.000000
-63.999981
-25.599997
-25.600000
-2.499999
-1.000000
-63.999977
25.600000
-25.600000
-2.499999
1.000000

-70.399986
-25.600000
-25.600000
-2.750000
-1.000000
-63.999977
25.600000
-25.600000
-2.499999
1.000000
-70.399979
25.599997
-25.600000
-2.749999
1.000000

-70.399986
-25.600000
-89.599998
-2.750000
3.500000
-121.599976
-25.599991
-89.599998
-4.749999
3.500000
-121.599976
-25.599991
-25.600000
-4.749999
1.000000

-70.399986
-25.600000
-89.599998
-2.750000
3.500000
-121.599976
-25.599991
-25.600000
-4.749999
1.000000
-70.399986
-25.600000
-25.600000
-2.750000
1.000000

-70.399986
-25.600000
-89.599998
-2.750000
3.500000
-121.599976
-25.599991
-89.599998
-4.749999
3.500000
-121.599976
-25.599991
-25.600000
-4.749999
1.000000

-70.399986
-25.600000
-89.599998
-2.750000
3.500000
-121.599976
-25.599991
-25.600000
-4.749999
1.000000
-70.399986
-25.600000
-25.600000
-2.750000
1.000000

-121.599976
-25.599991
-25.600000
1.000000
-1.000000
-121.599976
-25.599991
-89.599998
3.500000
-1.000000
-121.599968
25.599993
-89.599998
3.500000
1.000000

-121.599976
-25.599991
-25.600000
1.000000
-1.000000
-121.599968
25.599993
-89.599998
3.500000
1.000000
-121.599968
25.599993
-25.600000
1.000000
1.000000

-70.399979
25.599997
-25.600000
5.499998
2.000000
-121.599968
25.599993
-25.600000
9.499997
2.000000
-121.599968
25.599993
-89.599998
9.499997
7.000000

-70.399979
25.599997
-25.600000
5.499998
2.000000
-121.599968
25.599993
-89.599998
9.499997
7.000000
-70.399979
25.599997
-89.599998
5.499998
7.000000

-70.399979
25.599997
-25.600000
2.749999
1.000000
-121.599968
25.599993
-25.600000
4.749999
1.000000
-121.599968
25.599993
-89.599998
4.749999
3.500000

-70.399979
25.599997
-25.600000
2.749999
1.000000
-121.599968
25.599993
-89.599998
4.749999
3.500000
-70.399979
25.599997
-89.599998
2.749999
3.500000

-121.599976
-25.599991
-89.599998
-4.749999
-1.000000
-70.399986
-25.600000
-89.599998
-2.750000
-1.000000
-70.399979
25.599997
-89.599998
-2.749999
1.000000

-121.599976
-25.599991
-89.599998
-4.749999
-1.000000
-70.399979
25.599997
-89.599998
-2.749999
1.000000
-121.599968
25.599993
-89.599998
-4.749999
1.000000

-70.399986
-25.600000
-89.599998
-3.500000
-1.000000
-70.399986
-25.600000
-25.600000
-1.000000
-1.000000
-70.399979
25.599997
-25.600000
-1.000000
1.000000

-70.399986
-25.600000
-89.599998
-3.500000
-1.000000
-70.399979
25.599997
-25.600000
-1.000000
1.000000
-70.399979
25.599997
-89.599998
-3.500000
1.000000

70.400002
25.600000
-25.600000
-5.500000
2.000000
128.000000
25.600000
-25.600000
-10.000000
2.000000
128.000000
25.600000
25.600000
-10.000000
-2.000000

70.400002
25.600000
-25.600000
-5.500000
2.000000
128.000000
25.600000
25.600000
-10.000000
-2.000000
70.400002
25.600000
25.600000
-5.500000
-2.000000

70.400002
25.600000
25.600000
-2.750000
1.000000
128.000000
25.600000
25.600000
-5.000000
1.000000
128.000000
-25.600000
25.600000
-5.000000
-1.000000

70.400002
25.600000
25.600000
-2.750000
1.000000
128.000000
-25.600000
25.600000
-5.000000
-1.000000
70.400002
-25.600000
25.600000
-2.750000
-1.000000

128.000000
25.600000
25.600000
1.000000
1.000000
128.000000
25.600000
-25.600000
-1.000000
1.000000
128.000000
-25.600000
-25.600000
-1.000000
-1.000000

128.000000
25.600000
25.600000
1.000000
1.000000
128.000000
-25.600000
-25.600000
-1.000000
-1.000000
128.000000
-25.600000
25.600000
1.000000
-1.000000

70.400002
-25.600000
25.600000
2.750000
-1.000000
128.000000
-25.600000
25.600000
5.000000
-1.000000
128.000000
-25.600000
-25.600000
5.000000
1.000000

70.400002
-25.600000
25.600000
2.750000
-1.000000
128.000000
-25.600000
-25.600000
5.000000
1.000000
70.400002
-25.600000
-25.600000
2.750000
1.000000

76.800003
25.600000
-25.600000
3.000000
1.000000
70.400002
25.600000
-25.600000
2.750000
1.000000
70.400002
-25.600000
-25.600000
2.750000
-1.000000

76.800003
25.600000
-25.600000
3.000000
1.000000
70.400002
-25.600000
-25.600000
2.750000
-1.000000
76.800003
-25.600000
-25.600000
3.000000
-1.000000

76.800003
25.600000
-89.599998
-6.000000
7.000000
128.000000
25.600000
-89.599998
-10.000000
7.000000
128.000000
25.600000
-25.600000
-10.000000
2.000000

76.800003
25.600000
-89.599998
-6.000000
7.000000
128.000000
25.600000
-25.600000
-10.000000
2.000000
76.800003
25.600000
-25.600000
-6.000000
2.000000

76.800003
25.600000
-89.599998
-3.000000
3.500000
128.000000
25.600000
-89.599998
-5.000000
3.500000
128.000000
25.600000
-25.600000
-5.000000
1.000000

76.800003
25.600000
-89.599998
-3.000000
3.500000
128.000000
25.600000
-25.600000
-5.000000
1.000000
76.800003
25.600000
-25.600000
-3.000000
1.000000

128.000000
25.600000
-25.600000
-1.000000
1.000000
128.000000
25.600000
-89.599998
-3.500000
1.000000
128.000000
-25.600000
-89.599998
-3.500000
-1.000000

128.000000
25.600000
-25.600000
-1.000000
1.000000
128.000000
-25.600000
-89.599998
-3.500000
-1.000000
128.000000
-25.600000
-25.600000
-1.000000
-1.000000

76.800003
-25.600000
-25.600000
3.000000
1.000000
128.000000
-25.600000
-25.600000
5.000000
1.000000
128.000000
-25.600000
-89.599998
5.000000
3.500000

76.800003
-25.600000
-25.600000
3.000000
1.000000
128.000000
-25.600000
-89.599998
5.000000
3.500000
76.800003
-25.600000
-89.599998
3.000000
3.500000

76.800003
-25.600000
-25.600000
3.000000
1.000000
128.000000
-25.600000
-25.600000
5.000000
1.000000
128.000000
-25.600000
-89.599998
5.000000
3.500000

76.800003
-25.600000
-25.600000
3.000000
1.000000
128.000000
-25.600000
-89.599998
5.000000
3.500000
76.800003
-25.600000
-89.599998
3.000000
3.500000

128.000000
25.600000
-89.599998
5.000000
1.000000
76.800003
25.600000
-89.599998
3.000000
1.000000
76.800003
-25.600000
-89.599998
3.000000
-1.000000

128.000000
25.600000
-89.599998
5.000000
1.000000
76.800003
-25.600000
-89.599998
3.000000
-1.000000
128.000000
-25.600000
-89.599998
5.000000
-1.000000

76.800003
25.600000
-89.599998
3.500000
1.000000
76.800003
25.600000
-25.600000
1.000000
1.000000
76.800003
-25.600000
-25.600000
1.000000
-1.000000

76.800003
25.600000
-89.599998
3.500000
1.000000
76.800003
-25.600000
-25.600000
1.000000
-1.000000
76.800003
-25.600000
-89.599998
3.500000
-1.000000

76.800003
25.600000
-89.599998
3.500000
1.000000
76.800003
-25.600000
-25.600000
1.000000
-1.000000
76.800003
-25.600000
-89.599998
3.500000
-1.000000

